2 7 943 6917 3946 9853 9824 854 9764
2 6 4140 1137 10480 1027 1203 4469
2 6 629 655 9631 11600 11616 11465
1 5 12333 8099 7618 12465 1614
1 4 66 195 11121 158
2 8 72 6075 6034 11103 3160 60 9082 6106
2 3 72 9130 183
1 16 91 11050 3058 3082 6107 9191 11169 9128 11104 9064 6092 9116 9140 6117 11183 3134
1 5 94 9045 9055 11038 3092
1 4 99 3155 154 6177
2 9 121 11166 9188 6143 11213 11189 6097 3157 72
2 8 121 11205 231 11039 9144 9046 3323 6245
2 5 121 9122 11099 2 11107
2 3 121 3220 3190
1 3 158 11081 11164
1 7 165 11043 136 11141 6033 6156 9061
1 3 165 11056 6186
1 2 177 13009
1 4 223 3210 3278 236
1 6 223 306 3247 3313 354 11234
2 3 242 6148 299
2 6 272 3139 6297 305 6217 12244
1 3 278 11307 7228
1 3 279 3324 389
3 5 301 9348 6290 6396 6262
3 7 301 3290 11330 11268 9330 3356 9273
3 6 301 3290 11330 11268 11379 11248
2 5 301 9278 6356 252 121
2 7 301 9278 6356 3240 346 3116 3190
2 6 310 341 222 319 415 11202
2 3 331 3293 3203
3 8 372 6338 11387 9381 11286 11354 3264 272
3 9 372 6338 11356 9373 6253 3224 9325 6327 3303
3 9 372 6338 11356 9373 6253 3224 9325 6327 11375
2 5 372 11339 11273 11319 6302
1 2 377 407
2 6 377 253 311 9364 3205 6384
2 4 383 6310 171 11151
1 5 383 3307 6412 9362 6345
2 5 384 356 3318 6477 413
2 4 384 261 3292 6262
4 4 385 11303 3359 11293
1 2 389 9263
2 3 402 3521 3559
3 3 402 9544 3392
2 9 402 11274 11329 11357 400 3254 11312 6407 6360
3 4 413 6317 6369 9367
2 9 413 3527 510 6494 6591 3540 3519 11459 11450
2 3 445 3485 9570
2 4 457 3580 11526 3520
2 6 457 6603 9518 6517 3409 6554
2 3 476 3457 6509
2 5 476 9423 6600 11705 11686
2 6 478 11415 3572 6595 552 9570
2 3 506 11467 9457
2 4 512 9507 6547 3534
2 4 512 9507 9523 11506
2 4 520 11474 3529 6527
2 7 520 6516 6486 9455 11579 9735 11706
4 5 525 504 11490 9481 476
4 4 525 3543 550 11514
4 5 525 489 3568 546 9288
2 8 525 11557 582 9437 11425 463 11462 3520
3 5 525 3494 11438 458 3452
2 5 525 3543 9568 11453 3203
4 6 560 6579 9554 9493 6593 11514
2 6 560 6280 11341 3759 11216 11370
1 3 567 83 3174
1 3 572 513 3412
1 3 572 6557 6509
3 4 573 514 11481 3535
2 3 573 514 478
2 5 573 9535 6595 552 9570
2 3 589 6488 3397
2 5 589 6594 9557 11529 6540
2 3 589 6568 3530
2 4 589 11560 11547 11531
2 4 590 9593 6618 620
2 4 590 9593 6618 3771
2 6 590 11576 9607 9609 9625 648
1 3 599 6626 11735
1 5 599 11595 6673 11612 3673
1 2 599 3631
2 3 603 3604 11584
1 2 603 9598
2 3 620 625 629
2 7 620 3626 651 9629 11631 3493 512
2 3 629 655 6657
2 3 629 3659 9478
2 7 629 11869 651 9629 11631 3493 512
1 2 650 8222
1 3 650 10992 8215
1 6 650 5191 8194 5228 11000 5171
1 8 650 2179 10964 2158 11022 12978 13309 8216
1 2 653 3673
1 3 663 11604 9620
1 5 663 11623 6680 6678 9633
2 5 684 11646 679 646 9606
2 4 684 6700 9621 3617
1 3 687 9635 657
2 2 689 870
2 3 689 11656 6710
2 3 698 11642 11516
1 3 698 6683 9620
2 7 704 11651 9665 3703 9681 6725 3688
2 10 704 11651 9665 3703 6708 688 3675 11634 11618 9633
2 5 730 11644 9656 6682 9640
2 4 730 3713 6751 6573
2 3 743 6756 740
2 9 743 11697 9884 9882 3899 897 872 6836 6812
2 4 743 11697 11838 9840
2 5 747 10063 7068 9979 7153
2 5 747 12038 4065 10109 10024
2 5 747 1176 4095 950 6896
2 4 755 752 11709 760
2 5 755 6775 11720 11565 9737
2 3 755 11718 3771
2 6 755 9734 6792 595 11582 629
2 2 760 9898
3 3 770 3772 6788
3 5 770 6780 9738 764 3768
3 5 770 6780 3782 776 3780
2 5 770 11891 9909 3928 911
2 11 770 6780 3782 776 6635 3641 9600 658 661 11623 663
2 8 770 6780 3782 776 6635 636 9618 9620
2 5 770 6780 9745 778 9603
1 4 772 3658 6671 1599
1 4 781 6482 11733 528
1 2 792 1108
2 6 818 11588 6652 11657 3649 9606
2 7 818 11588 6652 11657 630 6634 11583
2 2 819 955
2 6 819 9826 923 11846 9904 11751
2 5 819 11803 883 6843 9784
2 3 819 9826 3923
2 4 845 874 6867 3874
1 2 849 11905
2 3 859 3878 6882
2 3 859 3878 9847
2 2 863 3973
2 5 863 11786 9916 9805 10203
1 4 870 11637 695 9684
1 3 875 3871 6896
1 4 878 9862 9888 9902
1 8 878 893 11813 9818 6857 6886 907 3882
1 7 878 893 11813 9818 6857 3526 11818
1 2 878 11905
2 6 881 11801 6937 6988 10499 12348
2 7 885 903 9872 3920 3918 920 3725
2 6 885 903 6936 9827 9846 3874
2 4 885 903 9700 11684
2 5 885 9870 3859 11766 6878
2 3 886 3921 3890
2 10 900 3830 9905 3814 6898 934 3934 9788 6951 987
1 4 901 12372 3795 12046
2 3 919 3935 11894
2 3 921 3964 919
2 6 921 3807 3862 804 11747 11784
2 3 921 3807 11844
2 4 921 6888 3921 886
1 4 931 3930 6948 3986
2 4 932 3735 13233 740
2 4 932 3902 11852 885
2 3 932 9857 6878
2 3 940 3788 1122
2 5 940 11860 6877 909 3951
2 4 940 11860 3876 9878
2 5 940 11860 3876 11907 10041
1 7 940 11792 869 9763 10056 11810 11746
2 4 943 6917 6960 9898
2 7 943 6766 12169 11699 3740 9710 743
2 8 949 965 793 3796 9610 9612 649 9783
2 6 949 965 11868 11887 9906 9890
1 4 949 935 907 3882
2 7 949 965 9771 9756 630 6634 11583
2 5 955 851 3968 10027 12098
2 5 957 11879 6944 898 6822
2 4 964 6918 6851 1150
1 5 980 970 11805 3861 799
1 3 980 3866 3790
2 2 987 892
2 4 987 9781 11764 964
2 10 987 11771 846 9831 11836 3877 12478 10429 10363 12348
1 4 988 10883 12824 12830
2 3 1003 12040 7125
2 3 1013 11923 7132
2 5 1019 11927 10047 7012 10029
2 3 1025 7110 1158
2 6 1025 7110 4164 11925 12006 1183
2 5 1034 7208 5007 7301 1976
1 4 1041 1118 9980 7209
4 4 1067 11960 7072 12031
2 3 1068 4143 10126
2 6 1068 7188 7030 10028 1151 12071
2 8 1068 10031 7144 11974 12044 10097 1206 12771
2 3 1070 11990 994
2 7 1070 4160 7135 4023 1018 11926 7137
2 8 1070 4160 7135 4023 1018 10004 7093 1157
2 5 1083 4203 4158 10434 7540
2 4 1083 7035 9959 4619
2 3 1092 11946 4197
2 4 1092 7050 11985 1025
1 2 1093 10024
1 6 1093 9903 832 942 9757 6914
2 4 1116 7455 12366 12395
2 4 1116 12322 4087 4588
1 5 1116 12322 1197 8063 4425
2 4 1117 11930 4067 7169
2 3 1120 1162 1202
2 5 1120 12095 1047 7108 10062
2 3 1121 1076 4082
2 3 1145 9964 1013
1 3 1156 4159 9990
1 8 1170 2061 7400 7909 4568 7103 10456 10496
2 2 1179 7917
2 2 1182 9998
2 6 1182 993 7016 4118 1024 7169
1 3 1205 12001 1106
2 4 1228 7428 7465 1622
1 6 1282 10318 12202 6719 733 3712
1 4 1282 10318 12459 7462
1 6 1308 1281 12201 1394 1337 4371
1 2 1316 10282
1 3 1316 1304 1208
1 4 1323 10273 1393 1408
1 4 1323 1737 4343 7677
1 4 1323 10644 1411 7858
1 2 1323 12571
2 6 1349 7119 4072 7177 10872 2105
2 6 1349 7119 4072 7177 7430 10030
2 6 1349 7013 4187 7150 11952 9975
2 4 1352 7834 1564 10370
1 4 1352 4757 10676 12586
2 2 1367 4925
2 6 1367 12767 7256 531 7911 1933
2 6 1373 12212 12343 10209 1277 7463
2 4 1373 12212 12343 10382
1 3 1373 4381 12268
2 4 1386 4434 7642 10135
1 8 1387 4824 4754 1880 7733 12700 7796 7768
1 4 1408 4428 10157 7315
1 6 1418 7741 1694 1294 4209 1387
1 10 1418 1229 12285 12115 12143 10140 12198 12227 4394 10253
1 4 1424 4285 4342 1282
2 3 1427 7367 7338
2 4 1427 7408 12224 12264
1 7 1440 4155 13084 4450 9377 7123 177
2 4 1444 12035 12307 7497
2 3 1444 1059 4104
2 5 1445 12568 1582 913 7791
2 9 1445 9727 12637 9779 7558 10439 10412 11841 3823
1 5 1445 4452 7547 6971 7588
1 2 1453 7552
1 8 1454 4441 4487 2139 1514 12957 2187 8230
2 7 1464 12332 1390 1520 4539 1374 1592
2 3 1464 7516 4511
2 6 1464 1507 10330 8045 4496 1990
2 3 1464 1507 10496
1 6 1464 12332 4339 9961 10129 4075
1 3 1488 10371 1990
1 5 1488 7492 7312 4408 12125
2 4 1492 12404 12449 1650
1 3 1492 10386 12335
1 3 1492 7562 1170
2 13 1589 10464 12330 1561 12358 1098 4307 4262 1289 10169 7311 10197 10153
2 7 1589 10464 12330 7336 10450 12444 10222
2 3 1592 12460 4302
1 2 1594 4641
1 2 1594 4598
2 4 1595 7551 9810 870
2 3 1595 4527 1445
1 2 1599 12309
1 4 1607 7603 2061 1170
1 6 1614 1479 12471 7486 4578 10353
1 2 1618 5103
2 6 1622 12490 12420 10401 1510 7497
2 5 1622 12490 4557 4883 10030
2 5 1622 12490 1579 9946 10428
1 6 1639 1596 12998 10935 11021 8215
1 2 1658 868
1 5 1658 6887 10535 4668 4865
1 6 1658 7684 7764 7818 1740 12699
1 4 1658 6887 10535 12633
1 2 1672 7786
1 5 1675 12370 4923 1766 2015
1 6 1675 12370 2058 12581 12430 1919
1 2 1678 7458
1 2 1690 12124
1 2 1709 4700
1 6 1709 10696 12679 1733 1860 7825
1 4 1709 7800 4780 12521
1 4 1709 10568 12619 1418
1 8 1725 12614 12544 4777 10669 12695 7843 4751
1 3 1725 1728 10623
1 4 1725 12614 12544 10695
1 4 1725 12541 4786 4783
1 3 1747 7745 4749
1 5 1747 10587 7760 1851 4741
1 4 1747 7745 4794 4723
2 2 1754 278
2 6 1754 7375 4372 390 1365 12244
2 2 1754 12527
1 2 1783 7866
2 6 1803 4750 7841 1876 12621 12691
1 7 1803 4808 1735 7828 7726 12608 10557
1 6 1803 7876 12523 4782 10544 12655
1 3 1814 7826 1801
1 8 1814 4804 12617 7783 1713 7887 1565 4543
1 3 1814 4804 7692
1 4 1821 307 12102 1387
1 3 1821 12567 7228
1 5 1821 10133 12287 1233 9292
1 2 1827 1658
1 8 1827 12642 1809 1738 12624 7762 10798 5103
1 4 1827 7780 4760 4749
1 6 1827 12642 1809 1738 2102 10642
1 3 1827 7780 4723
1 3 1833 7576 1468
2 2 1866 6752
2 2 1866 6827
2 5 1866 4807 11971 12418 7458
2 4 1866 1719 3699 10526
2 4 1891 12817 12874 10919
2 3 1891 12817 12731
2 2 1891 2056
1 6 1896 12793 2071 9816 12773 5050
1 4 1896 4755 6997 12450
1 4 1896 4755 7604 864
2 8 1896 4755 7604 1463 12476 7530 12387 4512
1 6 1896 12861 1822 5014 3916 10106
1 3 1896 12793 4901
2 2 1908 4149
2 2 1908 4984
2 3 1909 5039 7959
2 3 1909 12802 2012
2 4 1909 8008 5045 4927
2 3 1933 7911 2006
2 5 1944 12772 2052 7993 10747
2 2 1944 8056
2 6 1944 12772 1997 5000 4942 8113
2 5 1950 12847 1181 13364 9962
2 5 1950 12847 1181 3854 12989
1 3 1950 10951 988
1 6 1950 12808 11934 3165 11108 12830
1 6 1950 12847 6027 2034 10764 4033
1 2 1959 8055
2 3 1961 8029 1991
1 4 1961 10802 5042 8112
2 4 1963 4983 12818 10837
1 5 1963 2026 12756 1922 7953
2 4 1963 8031 4966 8117
1 4 1963 10828 12780 12863
1 4 1963 10873 8009 5073
1 9 1963 8074 5067 1982 8125 10523 2071 12793 1896
1 5 1963 2026 12756 2065 5050
2 6 1965 12755 4887 8032 2051 12746
2 4 1965 7913 2011 2008
2 5 1965 8089 10773 12712 8236
2 3 1965 7913 10732
2 3 1965 10832 10730
2 3 1965 7913 5021
2 2 1976 2006
2 2 1976 10257
2 7 1976 7301 5007 7208 1458 7659 3427
2 4 1983 7064 7334 4987
2 5 1984 2040 4954 12856 7912
2 4 1984 13241 13242 5010
2 4 1984 12862 10743 12806
2 3 1984 13237 13238
2 4 1984 13237 13250 12766
1 4 1990 4175 7603 1607
1 3 1990 10456 10496
2 4 1991 12807 12892 4987
1 2 2008 10172
1 3 2008 4956 5021
2 4 2012 8015 12710 4948
1 2 2012 8058
2 4 2012 10829 12751 4927
2 2 2014 5033
2 4 2014 4900 8121 1991
2 4 2014 4900 12892 4987
2 2 2014 4435
1 4 2016 4961 12826 2046
1 3 2016 10827 8052
1 3 2016 10827 4033
2 3 2022 556 1933
2 2 2022 12797
2 4 2022 12732 12327 5100
2 6 2022 6638 1985 8081 10854 1959
2 6 2022 1630 7511 8127 10724 8055
1 4 2023 12703 1937 8056
1 4 2023 4969 10482 7630
1 3 2023 12872 7936
1 3 2024 9986 12795
1 6 2024 7716 4128 12896 12945 5117
1 4 2024 9986 7548 12981
1 5 2024 7716 4128 12775 8193
1 4 2024 8016 7219 988
2 3 2025 12900 2050
2 3 2025 1932 1891
2 3 2025 4938 5028
2 2 2028 5100
2 7 2028 7971 1778 1781 7864 12541 1725
1 7 2028 7971 12820 1838 7732 12656 10674
1 3 2028 8102 4783
2 4 2041 2084 12763 12717
2 4 2041 8005 12884 1961
2 4 2041 10821 1970 2015
1 3 2046 7989 12725
1 5 2046 7989 10745 10844 12771
2 4 2050 12900 1932 1891
2 2 2050 10919
2 2 2050 12731
2 6 2050 12900 1992 4889 8109 5028
1 3 2056 1975 5101
1 3 2075 10728 12865
1 3 2075 1988 13087
1 3 2077 4965 12715
2 2 2086 4915
2 3 2086 2054 1908
2 7 2086 10794 9951 10021 7374 4386 4987
1 2 2089 8085
2 6 2091 5048 10144 7948 10757 12086
2 3 2091 4167 10257
2 2 2094 1909
2 2 2094 7959
1 5 2103 2059 2018 5049 7960
1 5 2103 2059 8118 4932 10791
1 4 2103 2059 12894 2029
2 4 2105 11995 4953 4410
2 5 2105 10816 1949 2036 10807
2 3 2105 4950 10030
2 5 2105 12080 8076 7165 9975
1 3 2106 12922 2209
1 5 2106 10986 2208 5143 8216
1 9 2111 2142 11010 13284 13283 13335 13327 13329 13320
1 6 2111 2204 10956 2214 12999 12853
1 4 2111 2142 12973 10924
1 5 2123 2202 12944 8182 8205
1 4 2126 4735 12519 10957
1 4 2126 1552 10538 697
1 2 2132 2228
1 5 2152 12901 4587 2109 8181
1 3 2152 2173 2106
1 2 2152 2209
1 4 2197 5195 2203 2211
1 5 2197 7839 4819 12632 1814
1 3 2199 12920 5121
1 4 2407 13075 7901 2947
1 4 2407 7830 10703 3606
1 8 2407 13075 7901 4695 3800 12682 736 4739
1 2 2489 13033
1 3 3010 6754 1763
1 3 3010 7766 2407
1 7 3010 515 10684 7718 1857 11712 4860
1 5 3010 515 6726 9669 4739
1 4 3022 6038 9132 107
1 4 3022 6118 3096 9216
1 6 3022 9139 11206 9227 11028 9157
1 7 3033 6094 9231 2998 6210 9181 9061
1 7 3033 9118 2994 9078 9176 6052 3187
1 4 3072 79 6174 9097
1 4 3109 6008 7931 988
1 4 3109 6008 11012 12830
1 6 3121 6181 178 11031 11117 3134
1 4 3122 11065 3172 66
1 8 3122 11065 3172 9156 11132 132 9106 3125
1 4 3122 11126 3117 169
1 9 3125 9106 9233 11079 11024 7 3185 3068 9061
1 2 3152 567
1 8 3152 496 9079 6099 9221 592 415 11202
1 6 3152 11426 11127 11443 4640 104
2 4 3211 9498 3262 6496
2 4 3260 3325 13259 6364
1 4 3260 3325 11251 11366
2 2 3288 6314
3 7 3303 11277 297 11324 6391 9286 9258
2 3 3314 391 3211
2 2 3314 6336
2 3 3320 327 6296
2 7 3335 6252 11284 6365 246 382 3308
2 9 3335 6252 11284 11235 11369 274 3327 9302 3358
2 5 3335 3226 352 9318 11254
2 6 3335 3226 352 6243 11336 236
1 3 3338 3075 180
1 5 3338 312 11171 3065 183
1 5 3338 312 3168 9248 3092
2 6 3369 9484 3463 9562 11406 6526
2 4 3369 6351 6489 9458
2 3 3369 6378 377
4 4 3379 3329 276 385
3 4 3392 11528 6415 560
3 3 3392 11247 11301
3 4 3392 11247 347 13206
2 3 3392 6546 3412
2 7 3397 11445 13116 482 9497 9441 3535
2 5 3397 11445 9524 6513 11402
2 3 3397 6549 564
2 3 3402 9561 11506
1 6 3402 3447 13081 9444 11407 6583
2 3 3427 4960 1959
2 6 3427 10451 7631 10424 12403 7545
2 9 3427 10451 7631 10424 7048 4612 11752 1608 12348
2 2 3456 1179
2 4 3460 17 3381 279
2 5 3460 9532 9439 493 9508
2 7 3460 6558 3532 444 3473 9496 11505
2 3 3460 3510 9570
2 2 3482 6416
1 3 3513 4328 528
1 3 3513 12211 10183
1 5 3513 12183 7865 12553 9616
2 5 3520 501 11397 418 6554
1 5 3530 6542 6712 11640 663
1 3 3530 9517 11499
1 6 3530 6542 6712 11640 9638 9620
1 4 3530 3558 11547 11531
2 6 3535 9441 9497 6524 3561 11402
3 3 3544 524 402
2 6 3544 6567 9290 6375 11245 6332
2 7 3544 6567 9290 6347 3351 3380 389
2 3 3559 3458 6416
2 4 3559 6484 11466 3392
2 5 3559 11399 6580 536 11479
2 5 3559 6484 9452 11441 3412
1 4 3559 9521 11507 6522
3 2 3569 569
2 5 3569 557 3718 6739 11666
2 4 3569 6562 3414 9457
2 6 3569 6562 6590 9567 9412 11398
2 4 3569 11511 9539 9692
2 3 3601 13252 11735
2 4 3601 6611 984 3974
2 4 3617 3614 11586 11583
2 2 3652 648
2 5 3652 3669 3506 6518 512
2 5 3652 3669 3506 11491 11506
2 4 3652 9642 6698 698
2 7 3652 817 3650 6668 6666 11590 9620
1 2 3653 772
2 3 3663 11619 11655
2 4 3663 660 3676 11639
2 7 3663 11619 690 9668 9670 9672 6714
1 4 3667 11609 1530 1599
1 3 3667 4534 12309
2 4 3668 6689 666 3667
1 6 3668 4463 7624 4458 7495 7661
2 4 3672 9647 6733 6718
1 3 3673 11612 3631
1 6 3673 3674 668 671 11618 9633
2 2 3682 3672
2 6 3682 6730 6748 3726 6758 11706
1 3 3712 3715 4445
1 2 3712 6732
1 2 3712 3732
2 6 3725 11843 729 11692 6955 758
2 8 3734 6768 9709 9726 11696 11678 731 6718
2 5 3734 3720 3717 6721 9663
2 6 3734 6768 11681 735 9694 9691
2 3 3734 3760 11668
2 4 3734 3752 765 11559
2 5 3738 11703 11546 3403 3452
2 3 3738 11703 3575
2 2 3738 11670
2 4 3738 11703 11546 11683
2 5 3743 9548 6761 744 9716
2 4 3743 9704 11676 6714
2 4 3775 3763 749 11654
2 7 3775 3763 11695 722 9711 9724 6710
2 7 3778 6630 3605 11567 9580 6797 3775
2 5 3778 6630 3608 11585 6662
2 7 3778 3635 3661 9634 6676 6510 9467
2 2 3780 6790
2 4 3780 773 3776 603
2 7 3780 607 9600 658 661 11623 663
2 5 3780 969 11568 6631 9598
2 3 3823 11738 788
1 4 3823 10343 7646 7588
1 5 3823 873 951 6929 6984
1 3 3823 873 3957
1 2 3834 10783
1 3 3834 8012 10765
1 6 3834 7747 6897 10573 7999 868
1 5 3834 7920 5071 13214 7935
1 4 3834 7920 10914 3883
1 6 3834 7747 6897 7821 1740 12699
1 2 3838 11804
1 3 3844 10163 11818
1 4 3846 6933 3866 3790
1 7 3874 794 11756 9917 6866 9925 931
2 5 3874 794 3845 11820 3986
1 5 3882 907 6886 3526 11818
2 4 3890 7620 11759 4512
2 2 3913 4642
2 5 3913 916 11808 11771 987
1 3 3923 6831 9838
1 2 3924 3974
1 3 3924 11816 9894
1 5 3924 11816 6889 9821 9809
2 2 3932 3913
2 5 3932 7663 11864 7591 10503
2 4 3932 6905 11781 6963
2 5 3932 6947 11850 9841 861
1 4 3954 3909 13222 9896
1 4 3956 982 11858 9809
1 4 3960 2082 8025 5103
1 8 3960 9920 5085 3875 3972 9908 2102 10642
1 4 3967 6995 11881 11894
1 4 3973 3864 976 1205
1 2 3973 3844
2 4 3981 3904 9899 861
2 5 3981 3852 6922 959 6822
1 4 3988 1109 976 1205
1 3 3988 7096 4178
1 4 3988 4109 7127 3401
2 2 4003 3456
2 7 4009 10474 7019 12408 5092 7301 1976
2 4 4052 10065 11915 1003
2 7 4052 9790 912 9918 9795 11828 6963
2 7 4052 9790 912 11835 6981 9854 964
2 4 4070 9944 11947 1055
1 3 4075 12048 1073
1 3 4075 4119 1157
2 5 4076 4145 1071 11910 10061
1 2 4111 792
1 6 4111 7184 12442 7513 2013 901
1 3 4111 1074 7170
2 4 4134 4628 4085 1884
2 4 4140 9843 6969 881
2 4 4140 9843 11822 900
2 3 4140 11761 10068
2 5 4141 6999 7240 8026 1367
2 6 4141 6999 7240 8026 12274 2091
2 5 4141 10304 10822 10006 7279
2 5 4141 9939 1474 7577 7521
1 4 4147 10033 7163 12335
2 2 4150 7132
2 3 4168 6943 788
2 5 4172 7217 10128 12007 1117
2 4 4172 10125 12097 7087
2 2 4172 1067
1 3 4178 11965 1173
1 4 4180 7195 10048 12021
2 4 4181 9956 7025 7085
2 3 4189 1047 1202
1 6 4206 4088 11970 1015 4115 12101
1 4 4206 4088 4161 11979
2 6 4241 7445 12273 10300 7417 7389
2 3 4241 1234 12116
2 4 4241 1407 1379 12188
2 2 4273 7293
2 2 4291 1273
2 4 4291 7250 10799 10259
2 4 4291 12105 4278 5032
2 7 4291 12105 4278 7395 1412 8100 8011
1 2 4315 12275
1 5 4329 4289 7409 12931 5135
1 6 4329 4289 7409 4418 12237 7365
1 7 4333 12152 1287 7350 10218 10653 1668
1 7 4333 12152 1287 10235 4661 12594 4867
1 3 4333 12152 10292
2 4 4345 1341 12205 7875
2 3 4345 4417 10230
2 4 4345 9601 7291 12149
2 4 4345 9601 7291 12223
2 3 4345 4270 3778
2 6 4345 7345 11662 10381 11722 9693
1 2 4361 1342
2 4 4363 1577 10453 1592
1 5 4371 7236 12131 1279 7329
1 2 4388 1308
1 7 4388 4275 12292 1385 1315 7295 12125
1 10 4404 9733 7249 4841 7868 1742 1755 1820 1322 12446
2 4 4412 7427 4424 12299
1 4 4412 12255 10227 7329
1 5 4445 9675 718 715 6732
1 5 4449 4540 7615 1987 12501
2 4 4469 4174 1531 1034
2 3 4469 12300 10367
2 4 4469 1203 12078 4093
1 2 4473 4901
2 5 4512 12387 7530 10811 10106
1 5 4512 12416 1578 10882 901
2 4 4516 1569 2005 7938
2 4 4516 1541 4459 4987
1 6 4521 12425 4799 11814 8115 10783
1 5 4521 4816 10591 10651 4865
1 4 4521 4816 7879 12699
1 2 4533 10405
1 2 4533 8181
2 3 4544 12452 1444
2 3 4565 1615 7668
2 7 4565 8110 11717 10753 10615 1987 12501
1 2 4569 4449
1 4 4569 1621 1441 10370
2 2 4570 10999
2 4 4570 12909 12903 10419
1 6 4580 4637 4609 4553 12793 1896
1 4 4580 4637 4609 4901
1 3 4588 10486 12335
1 5 4588 1082 10920 12363 1170
1 3 4588 1082 4425
1 3 4598 10484 7660
2 2 4601 1445
1 2 4607 4521
1 6 4607 710 9713 9697 768 781
1 7 4607 4736 12134 10305 4347 10151 528
1 5 4607 4736 1862 12607 9616
2 4 4616 9993 7634 10090
2 5 4616 10416 12423 13208 12395
2 6 4616 7662 7565 1656 5310 4987
2 5 4616 10443 10389 12338 4435
2 5 4619 4631 9999 7097 13143
2 4 4619 7167 9934 4009
2 8 4642 9831 11836 3877 12478 10429 10363 12348
1 4 4652 1648 10509 7658
1 3 4658 7649 1570
1 4 4682 5016 7790 2015
1 3 4682 5016 8112
1 4 4682 1703 12526 12601
1 6 4682 1703 1840 1591 10547 7795
1 2 4690 10646
1 7 4700 12580 10529 12542 12672 1784 12517
1 3 4726 7817 10589
2 5 4751 10713 10531 1779 4803
1 5 4751 4823 12737 10691 10674
1 3 4751 7843 7804
1 5 4797 12540 4815 7769 1803
1 4 4797 1762 7717 12605
1 8 4797 12540 10661 1810 7703 12625 7731 10646
1 5 4801 7752 7749 10575 10647
1 2 4801 12605
1 4 4801 12686 4729 12669
2 5 4803 1794 10546 1797 7708
1 9 4803 1779 10531 10713 7693 12590 12737 10691 10674
1 10 4803 1779 10531 12427 1818 10610 12662 10680 10550 7795
1 5 4803 1794 11410 12594 4867
1 5 4872 4426 9615 6728 7185
1 2 4872 12688
1 4 4872 4790 1870 1752
1 2 4879 10957
1 3 4879 2229 5154
1 4 4893 10476 7448 7584
1 2 4893 8053
1 4 4893 4958 7560 4482
1 3 4893 2000 5029
1 3 4897 3181 7919
1 5 4897 4978 1473 5060 8052
1 5 4908 4977 1945 8057 10895
1 3 4908 4977 7935
2 5 4915 5086 12137 5055 7938
2 2 4915 10807
2 4 4925 10132 2045 5193
2 5 4925 1395 12819 2067 10726
2 3 4925 12141 10841
2 6 4925 1395 12705 11972 10763 10616
2 10 4925 10132 1257 10787 10817 8104 10856 8059 5080 5033
2 7 4925 10132 1257 10787 10817 1882 4964
1 4 4927 5045 8065 8122
1 4 4927 12838 2044 10788
1 3 4927 7930 5101
2 2 4948 5034
2 6 4964 12899 8037 10755 2093 1991
1 2 4968 5027
1 5 4968 10923 10850 1955 12702
1 4 4980 13276 4934 10906
2 4 4984 12886 1103 9975
2 5 4984 10847 1980 4110 4003
1 3 4987 12892 4435
2 4 4989 12834 2100 2012
2 3 4989 7972 4948
1 2 4997 5028
2 6 5010 13239 13240 5041 13236 13238
2 8 5010 8036 10775 13248 4995 11014 8164 10928
2 6 5010 13239 13249 12714 5068 10833
2 6 5010 13239 13249 12714 12757 1905
1 4 5026 4892 4942 8113
1 3 5026 2079 7936
1 4 5026 2007 13291 13289
1 7 5027 7970 10901 8101 4574 4591 4017
2 3 5032 8100 8011
2 3 5033 5080 4964
1 5 5034 7992 10875 5012 8038
1 3 5036 8244 5139
1 3 5036 2080 3109
1 5 5036 2080 5054 11012 12830
1 2 5046 7203
1 3 5046 8111 8038
1 7 5050 12773 9816 4943 6826 3916 10106
1 5 5050 829 12855 2097 12046
1 5 5050 10774 78 12726 2089
1 6 5073 8009 10890 7990 12871 4893
1 3 5073 1957 5029
1 8 5073 8009 10890 12852 12739 12895 2070 13082
1 3 5074 12821 2029
2 3 5090 10909 7791
2 3 5100 2053 10750
1 2 5107 2132
1 5 5107 8179 7561 10989 2227
1 4 5117 12945 10025 12981
1 3 5117 12925 10968
1 2 5117 8193
2 2 5128 10993
1 2 5135 7614
1 2 5135 12428
1 4 5139 8207 12975 8193
1 3 5139 10948 3109
1 3 5160 10860 5196
2 2 5164 2123
2 4 5164 2180 12908 12950
1 7 5164 2180 12908 12986 5221 10930 10594
2 4 5168 10939 10998 8143
1 2 5168 2227
1 3 5169 12954 5121
1 2 5173 5201
2 3 5193 7397 12797
1 2 5199 697
1 8 5201 5215 8218 8198 10961 2161 5118 5169
1 5 5229 10944 13311 11001 13308
1 3 5229 10987 12930
1 4 5229 12979 2160 10924
1 5 5229 12979 8203 2195 2209
1 6 5230 8225 10996 10982 2142 2111
1 8 5230 8225 5188 12917 13326 13327 13329 13320
1 6 5230 8157 10938 5179 12979 5229
1 3 5230 8157 12930
1 4 5230 8157 8240 10924
1 5 5230 8225 5188 12917 13278
1 5 5230 13195 13286 13287 13288
1 4 5230 8225 10940 5166
1 3 5231 10697 12419
2 3 5231 4584 1833
1 5 5231 12648 12064 2171 10566
1 5 5231 12648 12064 1494 1468
1 3 5231 12648 10400
2 5 6050 11163 35 9185 9209
2 3 6050 161 11082
2 5 6050 11163 35 3106 11197
2 3 6103 507 9458
1 4 6104 3159 13270 11064
1 9 6106 11159 9118 6094 11092 155 11175 6021 94
1 4 6106 11159 9118 3033
1 14 6106 11159 9118 6094 11092 155 11175 6021 170 11045 86 3008 9162 3121
1 3 6115 11078 6160
1 3 6115 11078 9157
1 3 6115 3171 11151
1 2 6115 14
3 3 6233 6344 9288
3 6 6233 9289 342 6292 3350 331
2 2 6235 6364
2 4 6245 9256 344 3358
1 5 6245 3215 9343 11349 6303
2 5 6245 6022 3176 3101 187
1 2 6258 408
3 3 6262 11347 3308
2 3 6287 6393 3260
2 2 6287 6345
1 6 6303 11349 9265 226 2999 187
1 6 6303 11349 6264 3235 9287 11234
3 3 6313 3396 9303
4 4 6313 9310 3342 11293
2 2 6318 6384
2 3 6332 11265 3288
1 4 6332 6402 3380 389
1 2 6345 9279
3 3 6354 11271 6233
3 3 6354 11220 11241
2 2 6354 223
2 4 6360 3337 9731 6314
2 4 6360 6229 530 265
1 4 6364 3277 11251 11366
2 6 6377 3395 3234 309 336 11360
2 4 6377 6263 6325 9347
2 3 6377 526 11402
1 4 6377 3395 3355 564
1 2 6389 11331
2 5 6390 6282 349 3340 9388
2 7 6390 6309 9334 9361 11372 11343 9263
2 6 6416 11430 9427 13205 6464 9457
3 3 6420 3421 6493
2 2 6446 11483
1 5 6490 11400 6468 3777 6765
2 6 6493 6474 3466 502 6530 6554
2 3 6493 9430 9417
2 7 6496 11456 9363 11346 11233 11264 11360
2 5 6496 11456 9363 6286 6336
1 6 6496 6500 11562 6537 11407 6583
1 7 6496 11456 9363 11346 6535 11431 564
2 7 6509 462 3430 414 6600 11705 11686
2 4 6521 375 11219 9294
1 4 6527 9474 6503 6490
1 7 6527 11447 9442 11416 9581 3777 6765
2 7 6540 11529 11544 9416 11404 9441 3535
2 6 6540 11529 9557 6581 6568 3530
2 3 6540 3705 11653
2 2 6540 11499
1 7 6554 11541 570 11513 547 9488 11450
2 5 6570 529 9486 6488 589
2 3 6570 587 9522
2 6 6570 6469 3512 9363 11456 6496
2 6 6570 529 11494 3423 9575 11531
1 6 6570 6469 495 6535 11431 564
1 5 6573 9537 6561 11679 541
1 3 6583 9575 11531
2 8 6592 9555 424 586 9416 11544 11529 6540
2 6 6592 7857 532 9681 6725 3688
3 3 6613 780 3768
3 2 6613 6786
3 6 6613 780 762 9728 11877 9898
3 5 6613 11593 3594 9748 590
2 3 6613 11794 648
2 6 6613 780 762 11713 958 11834
2 6 6613 9590 6639 6666 11590 9620
2 5 6613 9590 6639 11573 9603
2 6 6685 11610 9643 9608 619 3617
2 5 6685 3670 6672 9646 653
1 7 6685 3670 6672 665 596 9596 3631
2 6 6696 10727 954 7626 12697 12497
2 4 6696 1881 10448 1595
2 2 6696 1445
2 5 6696 6974 8083 10657 7791
1 6 6696 10727 4402 10586 4540 4449
1 4 6696 6974 12670 12501
2 3 6703 682 6685
1 4 6703 9676 3716 541
1 2 6704 3686
1 5 6710 6769 6782 9747 7420
1 3 6710 6769 9684
2 2 6711 6714
1 8 6714 11676 9704 6571 3548 11691 6586 6573
2 9 6718 731 6750 9705 3746 759 3774 6791 11706
2 6 6718 731 9707 11694 9722 6765
2 5 6718 685 6674 654 772
2 3 6727 3701 687
1 3 6732 3906 905
1 5 6732 3710 908 9850 9847
1 4 6752 10719 4880 12620
2 6 6752 10618 12597 11667 1873 4872
1 4 6752 10618 3719 1752
2 3 6788 3773 6790
2 4 6790 3976 6973 6946
2 5 6790 9752 11734 9582 11584
2 3 6793 9582 11584
1 4 6793 782 9924 967
1 5 6812 6836 13225 790 3954
1 5 6812 6966 3873 6817 9896
2 2 6845 11782
2 3 6845 3824 6984
1 6 6850 801 9923 6823 6929 6984
1 2 6864 8435
1 3 6876 1432 4521
1 3 6878 3816 3954
1 3 6878 6901 9840
1 5 6878 813 9933 11870 6993
1 4 6914 3938 896 3986
1 5 6914 13224 13229 9778 6896
1 3 6914 3858 6993
2 3 6932 1575 1034
2 4 6932 12713 7301 1976
1 2 6938 3967
2 3 6946 1616 6985
2 2 6946 9907
2 4 6963 906 852 3981
1 2 6984 3957
1 3 6985 6606 6793
1 3 6985 11889 9907
2 3 6994 9859 3962
3 4 7011 10073 7164 4076
2 3 7011 4055 1068
2 2 7011 4073
2 4 7045 12054 1132 1019
2 3 7045 12054 4168
2 6 7045 12445 10096 10495 7643 7791
2 5 7054 4185 1153 7035 1083
2 3 7054 1066 4070
2 5 7054 1066 9944 11947 1055
1 7 7063 12079 1186 13078 7206 4060 7079
2 3 7081 1160 1058
2 3 7081 1160 1046
2 4 7085 7025 12055 1121
2 3 7087 7157 9998
2 2 7107 4206
2 4 7107 1065 1074 4111
1 4 7107 1065 11919 792
1 2 7107 7170
2 3 7109 7000 4093
2 4 7109 10022 11996 11944
2 3 7121 4056 12060
2 6 7125 10036 7021 12011 11912 7121
2 5 7125 9981 848 6928 3981
1 6 7125 7221 7204 7175 4126 10110
2 4 7126 10079 9995 7085
2 3 7137 7650 4134
2 5 7137 7650 1597 7095 10404
2 7 7137 7650 1597 7168 7128 12378 11918
2 6 7137 4077 10459 1625 1653 12282
1 4 7137 1469 12065 1073
2 3 7153 10094 7183
2 3 7169 12056 1063
2 4 7169 12056 3848 6994
2 3 7183 1178 875
2 2 7183 1048
1 4 7183 7098 6954 931
2 6 7183 4080 9815 12070 9765 3790
1 3 7185 5239 2947
2 5 7197 7046 10092 10020 1025
2 4 7203 1102 11943 7069
1 8 7203 4022 1989 7908 4933 4154 1111 12100
1 9 7203 4022 1989 7908 4933 7958 7116 3991 4150
1 3 7209 4194 1149
4 4 7214 11959 12027 1175
2 3 7222 10017 1083
2 3 7222 1146 11913
2 7 7222 11994 1171 4173 10101 7191 11991
2 5 7222 12036 4079 9937 7126
2 3 7260 7344 10201
1 2 7302 4286
2 4 7303 1423 12288 7376
1 4 7315 12214 10327 1690
1 2 7315 7386
2 4 7338 12173 10411 7572
2 3 7338 4566 12125
1 4 7361 7644 7304 1424
2 4 7376 4639 1324 4302
2 2 7376 7432
2 4 7376 7319 10177 10134
1 7 7387 10285 4396 12283 4216 12905 1208
1 4 7387 7371 12171 10212
1 6 7387 7371 1335 4338 7358 10240
4 3 7394 11267 6313
1 4 7415 12243 7358 10240
2 9 7446 10346 1383 10776 12433 7218 4339 12332 1464
2 8 7446 10346 1383 10776 10413 7400 2061 1170
2 8 7446 10346 1383 10776 4568 7103 10456 10496
1 6 7458 7306 9910 1560 12456 12357
2 5 7459 7580 10462 7167 4619
2 2 7459 4009
1 2 7462 3732
1 4 7463 12302 10522 4652
2 2 7540 7126
1 5 7564 7535 4530 7592 1570
1 6 7564 7535 4530 4546 4517 5198
1 10 7564 7535 7522 4481 12308 10475 10487 10460 4560 7566
1 9 7564 7535 7522 4502 1472 4632 7610 1557 8230
1 13 7567 5225 8186 10927 5183 5197 12948 2191 12976 12990 11011 5175 8228
2 4 7572 7353 7492 1488
1 4 7584 12239 12722 10671
1 4 7588 3975 801 6850
1 5 7617 4624 4611 12878 13087
2 7 7622 10498 7451 10374 4476 7546 1550
1 2 7630 7617
2 5 7638 4604 4575 1585 11007
1 3 7638 10347 12336
1 7 7639 1573 12161 10470 4499 1576 1614
2 4 7653 3992 4038 7054
2 3 7653 10501 10057
2 4 7653 10114 1036 4619
1 4 7661 1536 12434 4473
1 8 7661 1536 4614 4477 1610 11674 4605 12309
2 4 7668 4464 7524 7552
1 2 7668 7480
1 4 7669 1431 12104 1454
2 5 7671 12473 12029 1088 10087
2 4 7671 12473 806 11746
2 4 7671 9823 9912 3890
1 4 7671 3942 2013 901
1 7 7677 12578 7820 1854 1857 11712 4860
1 4 7677 12578 1832 12124
1 2 7711 4651
1 2 7711 7795
1 2 7738 12517
2 6 7754 1807 1772 10598 4881 1805
2 3 7763 7832 12618
2 5 7763 12657 10678 7851 12660
1 3 7768 4715 7738
1 2 7768 10620
1 9 7768 1664 1684 4669 13076 6040 11119 10723 7712
1 5 7786 12665 10708 10578 10647
2 8 7791 913 9779 7558 10439 10412 11841 3823
2 9 7791 10909 1758 10281 10824 10753 11717 8110 4565
2 4 7791 10657 8083 12501
2 7 7791 10909 1758 10281 10824 10192 12735
1 8 7791 10909 1758 10281 12803 4594 11509 860
1 4 7795 10550 10680 1668
1 2 7798 1759
1 6 7798 7811 4791 12932 12924 12910
1 5 7825 1790 7861 7655 10617
1 3 7844 1748 4726
1 2 7858 1763
1 6 7858 4678 1872 13203 10707 4848
1 2 7858 2407
1 4 7858 4678 7891 3606
2 2 7892 1352
1 6 7892 12024 4814 12570 12642 1827
1 4 7892 4740 7904 5103
2 3 7912 12856 5010
2 6 7912 13244 12800 12887 1914 12806
2 5 7912 13244 10859 2096 7996
2 6 7912 13246 8062 11014 8164 10928
2 4 7912 8019 11145 5160
1 7 7912 8019 2066 5079 10962 6020 5196
2 6 7917 5043 8013 4949 2078 8053
1 3 7917 12774 13082
1 3 7919 1960 8052
1 5 7919 1883 13211 8078 12830
1 4 7921 10853 7973 12835
1 2 7921 10895
1 5 7921 4946 10871 10916 10830
1 3 7934 12758 5027
2 4 7938 12786 9973 1983
2 2 7938 4410
2 4 7938 10332 12480 7497
2 8 7940 10834 12890 2074 12864 10885 8086 4682
1 9 7940 10834 12890 1698 4947 12524 7732 12656 10674
2 3 7953 5089 10797
1 3 7953 10774 5050
1 2 7953 2089
1 5 7960 2048 8108 4932 10791
1 2 7963 4997
1 3 7963 8109 5028
1 5 7963 11194 9137 2080 5036
1 4 7963 9152 3181 7919
1 4 7963 11194 8078 12830
2 2 7965 12789
2 6 7965 12898 10863 10920 1082 4588
2 4 7965 12898 10863 4425
1 3 7982 2039 13082
1 3 7995 5024 10791
1 5 7995 12813 8004 10748 7934
2 5 7996 2034 6027 12847 1950
1 5 7996 10877 12744 10851 2016
1 5 7996 7133 8223 12929 12989
1 4 7996 2096 11145 5160
1 3 7996 10908 4033
2 2 8006 7959
2 2 8007 9084
2 4 8007 10139 8106 10173
2 5 8007 10898 12792 12718 4984
2 6 8007 10898 1971 7084 4110 4003
2 7 8007 10898 7903 10813 8098 8066 1179
2 4 8011 12146 4344 10190
1 3 8017 13085 10886
1 2 8017 12823
2 3 8034 12900 2050
1 3 8047 7991 7936
1 4 8047 8252 5120 10942
1 5 8052 1960 5084 11108 12830
1 2 8052 4033
1 3 8053 2078 10789
1 6 8053 2017 1948 12895 2070 13082
1 4 8055 7803 10899 4783
1 3 8058 5077 5034
1 5 8073 1923 12883 2033 7934
1 8 8073 1923 12883 2033 8092 2095 1033 12101
1 5 8073 1920 10840 1973 5074
2 2 8087 4472
2 3 8087 5104 10259
2 5 8087 11950 5019 12781 10030
1 2 8113 7968
2 2 8117 10797
1 3 8117 10881 12863
1 2 8122 10803
1 3 8124 10777 10833
2 2 8143 10946
1 6 8143 1524 10345 2164 8179 5107
1 6 8143 1524 10345 8227 5153 2228
2 3 8148 7589 4570
2 3 8148 7476 12923
2 5 8148 2185 12479 10360 10513
1 2 8183 2196
1 3 8183 5210 5196
1 2 8193 3109
1 3 8193 10071 988
1 3 8193 12975 2115
1 5 8199 2156 5120 8252 8047
1 4 8199 5190 12983 12997
1 4 8199 5162 8149 13289
1 2 8199 10942
1 2 8205 2196
1 5 8205 12967 10988 1846 10594
1 4 8214 12940 7605 4879
1 4 8214 12940 7770 10957
1 5 8214 12963 1580 7872 697
1 4 8215 10992 8229 12984
1 3 8217 13301 12994
1 6 8217 13303 5131 13086 13287 13288
1 3 8219 12925 5117
1 2 8219 12981
1 2 8219 8248
1 2 8219 10968
1 2 8222 12984
2 4 8236 10889 12810 10732
1 3 8236 12712 10730
1 3 8236 12753 1900
1 3 8245 5177 12935
1 2 8245 10566
1 4 8245 5177 7842 10929
1 3 8245 8178 1468
1 3 8249 12918 12910
1 3 9061 3030 3187
2 6 9084 10066 10772 2002 12868 2086
2 7 9084 10066 10772 12822 7106 7316 2041
1 3 9097 11186 104
1 5 9097 6174 3151 9150 9105
1 5 9100 11162 3050 6150 3187
1 3 9100 9206 6186
1 2 9100 9105
1 6 9126 3132 3034 192 3145 91
1 12 9151 205 130 9088 182 3113 11067 9220 9143 6083 9108 6165
1 4 9151 9035 3108 9154
1 15 9151 205 130 9088 182 118 9093 3100 3062 11190 148 3054 11155 3095 11060
1 3 9151 11040 11147
1 10 9154 6129 113 3191 202 9068 10 133 3136 6160
1 4 9161 9075 6046 6104
2 4 9209 6164 9054 11114
2 6 9209 6311 6397 13265 9406 9329
1 4 9213 7330 108 99
1 12 9213 9124 6110 11192 3186 196 23 9200 3135 6077 97 3190
1 5 9213 6193 6088 9101 183
1 7 9216 11100 9127 3180 3188 3114 122
2 2 9250 9269
2 5 9250 3353 9322 296 11253
2 4 9269 11317 11270 351
2 3 9269 9379 6318
2 6 9271 298 403 6308 9349 273
2 5 9271 11377 11225 9299 6302
2 7 9271 11256 3385 1350 12242 12270 12298
3 3 9273 9394 9367
1 10 9292 10213 12229 7429 10168 10140 12198 12227 4394 10253
1 3 9294 11276 321
1 6 9296 11176 9096 6151 9174 14
1 4 9296 11367 6176 53
1 7 9296 3049 137 3192 65 6145 122
4 4 9297 11279 364 9250
3 3 9297 7239 3369
3 5 9297 6270 6221 9239 6103
2 4 9297 7239 3241 377
2 3 9297 11345 6318
2 3 9303 9255 11371
3 5 9303 3396 303 3342 11293
2 2 9329 242
2 4 9329 6406 6331 383
2 2 9340 265
2 4 9340 10323 7482 310
2 5 9340 6222 3525 6322 3296
2 5 9340 9240 9317 11291 3174
2 4 9347 6325 6349 374
2 8 9347 6325 6298 9264 9238 11219 375 6521
2 6 9347 6325 6298 6218 9375 11402
1 3 9347 6257 6389
2 4 9347 6325 6298 9294
2 2 9388 321
2 5 9392 9383 6300 3150 11136
2 4 9392 11378 11299 351
2 7 9392 9314 11218 11332 6399 6335 6384
1 4 9417 11403 3464 6490
1 2 9417 11418
1 3 9417 11434 11450
1 2 9417 11559
3 5 9434 9578 553 3509 9478
2 3 9434 9578 3534
2 4 9450 12368 6737 10339
2 2 9450 12312
2 4 9450 12368 7611 12497
2 4 9450 6713 9653 870
1 2 9450 12357
2 4 9456 6487 6582 3535
2 7 9456 3522 9238 9264 6298 6325 9347
2 3 9456 3499 6521
2 4 9456 3522 9375 11402
1 5 9457 6464 13205 9412 11398
2 6 9463 9479 6578 11397 501 3520
2 11 9467 7366 4869 1782 10718 4775 7899 6767 1734 12550 6827
2 11 9467 7366 4869 1782 10718 4775 7899 1769 4875 4426 4872
2 3 9478 3509 3534
2 4 9503 6529 678 698
2 4 9503 549 3629 11516
2 3 9503 6542 3530
2 6 9503 549 3629 11502 9559 6583
2 5 9503 6529 678 6683 9620
2 3 9503 549 11531
2 4 9508 11428 584 506
2 2 9508 3482
2 3 9508 9400 3544
1 6 9508 548 3230 3295 3324 389
2 4 9522 11562 6500 6496
1 3 9522 3488 6583
2 5 9522 3547 11470 9575 11531
4 4 9541 543 6723 704
2 3 9570 6512 9457
1 3 9605 1573 7639
2 6 9606 11608 662 11622 676 11639
2 4 9606 646 6643 3617
2 4 9606 3649 6634 11583
2 3 9617 3636 818
2 2 9617 3663
2 5 9617 6658 9612 649 9783
2 4 9617 11603 6677 657
1 4 9620 11590 6666 9603
1 6 9633 11618 11615 656 11598 9598
2 3 9640 11608 9606
2 4 9640 11622 676 11639
2 5 9640 6697 3696 3709 6714
1 9 9640 6697 3696 713 746 3548 11691 6586 6573
3 2 9660 684
3 5 9660 716 6716 699 730
2 2 9660 6703
2 4 9660 9690 11679 541
1 2 9692 541
2 4 9693 3806 11665 4445
2 5 9693 3806 718 715 6732
2 3 9716 6747 11655
2 3 9716 6747 11672
2 4 9716 723 3707 11686
2 4 9737 6762 9710 743
2 4 9737 11565 9597 6657
1 2 9764 6812
1 4 9772 11824 11874 902
1 3 9772 6891 3838
1 3 9783 11597 657
2 2 9784 11837
2 6 9784 6843 883 6939 3966 3923
1 3 9786 9758 6984
2 3 9817 889 845
2 3 9817 6924 799
2 5 9817 11673 6734 9689 11710
2 8 9817 889 9787 6996 3969 9877 6902 931
2 8 9817 889 9787 6996 11885 844 6986 3846
1 4 9833 6895 3879 849
2 3 9833 11829 11811
1 3 9833 922 9902
1 2 9838 925
2 3 9875 9914 13255
1 7 9875 3448 13234 841 3980 966 3844
1 3 9890 9874 3882
2 4 9890 6940 3939 3956
1 4 9890 6940 6913 9809
1 4 9894 11845 9821 9809
1 5 9896 6906 6856 11884 1093
2 5 9898 11711 6770 769 590
2 4 9898 11877 11849 11834
1 3 9902 9919 9783
1 3 9907 910 11833
1 4 9932 3714 11753 3653
1 5 9945 12087 4199 7215 12100
2 4 9958 1004 1603 6932
2 4 9958 1004 7508 7459
2 3 9958 10364 7540
2 7 9958 4114 7129 12069 10043 12015 4181
2 7 9958 4114 11933 1169 7092 4032 7109
2 5 9962 4171 10932 12911 8205
2 3 9962 3854 12989
2 6 9962 4171 10932 2206 5224 8183
2 6 9962 4171 10932 11017 10860 5160
2 5 9962 4171 10932 2206 5196
2 3 9965 12028 7197
2 4 9965 4094 7212 4197
2 3 9971 1029 4082
2 3 9975 7207 4090
2 4 9975 4064 1147 4003
2 3 9991 997 10090
2 3 9991 1142 12090
2 2 10000 4186
2 3 10013 1194 10070
2 3 10013 10113 9945
1 2 10029 7202
1 4 10041 3927 928 11848
2 6 10057 4156 1448 12350 7159 11918
2 3 10057 4156 13143
2 5 10057 4183 9942 11945 1120
2 3 10068 4137 11944
2 8 10070 7100 12042 1207 8046 1989 4022 7203
2 2 10070 7069
2 3 10074 3857 1156
2 3 10077 1609 4616
2 3 10077 4245 1159
2 3 10077 4204 1444
2 4 10077 4204 7220 4104
2 3 10087 4550 4111
1 2 10087 1108
2 4 10090 997 7122 4147
2 3 10090 10514 12395
2 3 10090 1581 4588
2 4 10102 12045 7055 4181
2 4 10102 4071 1154 9971
2 3 10102 12093 11944
1 3 10106 1938 901
1 4 10106 1600 3795 12046
1 2 10110 11948
1 3 10124 1123 7115
1 2 10126 4073
2 3 10135 12293 1413
1 4 10148 10366 4636 10353
1 10 10148 4686 12340 10506 4492 4595 1402 7335 7407 4333
1 3 10160 12132 1263
1 3 10172 12804 7921
1 5 10172 12804 10738 7973 12835
2 2 10173 12717
1 3 10183 10271 7386
2 3 10190 7391 12275
1 4 10230 12202 10318 1282
1 4 10230 10481 733 3712
1 3 10230 7629 4445
4 4 10236 10265 7323 7351
4 8 10236 10265 7323 10165 1388 4233 7439 10252
4 6 10236 10265 7323 10165 1415 12253
4 5 10236 12236 10306 1372 12279
1 4 10239 10211 7298 1418
1 5 10239 1375 1879 10630 7708
1 10 10239 4281 7326 7383 4277 10220 10275 10452 12329 10353
1 3 10239 4232 4333
1 6 10253 4254 1247 12235 11591 642
1 4 10253 12294 1371 1220
1 6 10253 7370 12254 7322 6615 3618
2 7 10255 10001 11978 12462 10116 10060 10428
2 2 10259 10756
1 3 10262 4523 1517
1 5 10262 12474 7541 10395 1614
1 3 10262 475 642
2 2 10263 1589
2 8 10267 1330 10154 10283 12284 3651 1014 4147
2 8 10267 1330 10154 10283 12284 3651 1014 12090
2 6 10267 1330 10154 10283 10344 1650
2 6 10267 1330 12127 4293 1253 1488
2 7 10267 1330 12127 1417 12256 4654 1607
2 6 10267 1330 12127 4336 1403 12125
2 5 10278 7436 4420 10808 4315
2 2 10278 10149
2 5 10278 12180 7310 12779 10756
2 5 10278 7436 4420 10808 8011
2 4 10279 7381 12249 1386
2 2 10279 1342
1 6 10282 12955 8221 12280 10138 12110
1 4 10288 12290 1422 1410
2 5 10309 4379 1302 7280 12297
2 4 10309 7229 1248 4363
2 4 10309 7426 1563 1592
1 6 10337 7628 12486 1528 1643 1453
1 4 10339 10393 7539 7458
1 2 10362 12336
2 4 10367 4074 7659 3427
1 4 10370 1534 2043 1618
1 7 10370 1564 10717 10391 10333 10676 12586
1 6 10370 1564 10717 10391 10516 1678
1 3 10400 2213 8214
1 4 10407 1556 1584 7388
1 4 10407 10380 7640 860
2 3 10428 1538 4104
1 3 10444 7532 3962
2 3 10447 4436 7638
2 5 10447 7594 1542 1529 10405
2 8 10447 4589 1598 7581 5110 12466 5156 8181
2 4 10479 4608 4390 1413
2 4 10479 12472 7654 4273
2 3 10492 12384 5090
2 4 10492 7612 10437 11975
2 9 10492 638 9949 9967 7643 10495 10096 12445 7045
2 4 10492 12498 12325 10407
2 3 10492 7583 860
2 9 10503 12355 7670 10463 9623 12342 10215 10521 12189
2 4 10503 12412 10433 7526
2 2 10513 5112
2 7 10513 10947 11008 11003 10994 2181 12951
2 4 10513 10947 7553 8181
2 6 10515 1449 10943 8187 8238 11007
1 5 10515 1449 5163 10975 12942
1 5 10515 1449 2172 5213 2106
1 5 10515 12453 10502 12496 10362
1 5 10528 7835 10658 4705 1672
1 5 10566 1688 2151 7842 10929
1 4 10566 7900 1494 1468
1 3 10566 5106 10400
1 4 10566 5106 5217 8214
1 4 10594 10930 5221 5199
1 3 10599 9678 1849
1 2 10601 10148
2 3 10616 4532 1884
2 4 10616 8095 7577 7521
1 4 10623 7676 1762 4797
1 3 10623 1859 12605
1 3 10646 1676 7804
1 5 10647 4873 4222 7648 12348
1 2 10671 7639
1 2 10671 1919
1 2 10674 1783
1 3 10674 7850 12601
1 4 10682 4836 12377 4500
1 6 10682 4836 12377 7533 4453 4658
1 5 10682 10455 5134 2114 8249
1 4 10682 12435 4864 12406
1 6 10682 10455 1667 7755 12576 7798
2 3 10701 1878 1805
2 4 10701 12623 1714 12518
1 3 10701 4798 4726
1 3 10701 10641 10589
2 3 10726 4937 7965
2 3 10732 8079 5021
2 7 10732 12810 10889 2021 12867 4991 2077
2 7 10732 12810 10889 2021 12867 4904 12715
2 5 10732 12810 10889 2021 1900
2 3 10737 10852 7584
1 3 10737 12769 10789
1 7 10740 10894 4955 8064 12875 7981 3960
1 7 10740 10894 4955 12728 12811 2060 12835
1 4 10740 8097 2037 10830
1 3 10740 12791 3883
1 2 10747 2023
1 2 10747 5026
1 5 10747 7993 5000 4942 8113
1 3 10747 10790 7936
2 4 10750 12846 8018 4964
2 3 10750 12846 7940
2 6 10756 10296 4365 4321 7340 1228
2 2 10756 5032
2 8 10756 10296 4365 4321 7340 7297 4237 10255
2 4 10762 5070 5039 1909
2 2 10762 8006
2 4 10762 5070 5045 4927
1 2 10762 8122
1 2 10765 4908
1 4 10783 2069 10848 10765
1 3 10783 13215 1892
1 2 10791 12702
1 5 10791 5081 12768 4976 2029
2 4 10807 7905 2054 1908
1 2 10830 7935
1 5 10830 2037 8097 12791 3883
2 2 10831 8034
2 5 10831 6039 9137 11194 7963
1 5 10831 7978 4889 8109 5028
1 3 10833 8094 1905
1 5 10836 8071 7983 5013 8122
1 4 10836 7950 12707 2056
1 4 10836 7950 7954 5101
1 2 10837 4580
1 5 10837 12818 12704 12748 5073
1 5 10837 7969 4553 12793 1896
1 4 10862 12787 8096 10836
1 4 10876 2004 12726 2089
1 3 10886 13085 2077
1 3 10886 12753 1900
1 2 10886 12823
1 4 10891 12814 12759 10833
1 3 10891 4909 1905
1 4 10895 8057 1945 7935
1 3 10906 12828 4982
1 5 10912 10823 10736 7915 5026
1 2 10912 7968
1 5 10912 10823 1981 12716 4982
1 2 10919 12731
1 4 10919 12874 2001 10836
1 4 10919 12874 12762 2056
1 6 10928 12991 5065 12840 10818 10891
1 6 10928 8164 12941 10976 6020 5196
1 5 10929 7842 2151 10525 8214
1 3 10929 2216 5199
1 4 10929 1874 7872 697
1 4 10933 2175 13273 5107
1 2 10933 2227
1 3 10946 8197 10419
1 8 10946 8184 10926 5218 8129 13282 5208 12987
1 9 10946 8184 10926 5218 8129 13275 12947 2150 12933
1 7 10946 8184 10926 5218 10984 5153 2228
1 2 10957 10978
1 3 10968 13365 8193
1 2 10968 2115
1 5 10980 8190 12996 2153 10999
2 4 10980 5172 10432 10513
2 3 10993 8246 12956
1 4 10999 8196 11002 10419
2 3 11007 2194 2152
1 4 11007 12466 5156 8181
2 4 11007 8238 12964 2106
2 7 11007 8238 8187 12440 1613 12496 10362
1 5 11059 11153 6057 3084 6106
1 3 11060 6130 91
2 5 11105 6009 204 9183 165
2 5 11105 9129 11172 9094 169
2 5 11105 6144 9167 3137 3025
2 4 11105 6108 9194 3083
1 5 11109 9212 11191 110 187
1 3 11109 117 3072
1 6 11109 71 6035 6095 70 11059
1 5 11109 3089 95 11097 11202
1 5 11109 9212 6225 248 11234
2 4 11114 9138 179 6160
2 3 11136 11207 9161
1 5 11164 11125 9147 6125 6165
1 8 11164 124 3055 11115 11130 3058 11050 91
1 8 11164 30 9223 6179 3156 197 9123 3121
2 5 11197 9193 9117 3045 11147
1 6 11202 6324 11392 9254 207 11234
1 5 11202 9408 9120 126 104
3 7 11241 9241 6220 9341 406 11391 3320
3 7 11241 9323 6249 6326 3219 6459 310
2 9 11241 9323 6249 6326 11259 6242 3310 6324 11202
3 8 11248 11314 3275 3339 6362 9360 6299 3303
2 2 11253 221
2 2 11253 6103
2 3 11254 11384 6303
2 5 11269 3317 286 3276 6302
3 2 11293 7377
1 3 11318 9335 6336
1 3 11331 11305 9294
2 2 11360 11318
1 3 11366 317 6389
2 3 11368 11214 384
2 4 11368 11337 11283 457
2 5 11368 9355 9384 6411 3335
2 4 11370 216 386 331
4 3 11371 11257 385
2 8 11375 9389 6370 11134 9033 9159 6215 3190
1 5 11398 11413 442 6499 6522
1 5 11398 11554 11539 11522 541
1 3 11402 6513 564
3 3 11405 11437 9463
2 6 11405 11422 9419 11561 574 11683
3 5 11465 9510 6548 3758 3552
3 7 11465 9495 527 539 11535 6599 9434
3 3 11465 503 9478
3 5 11479 491 11427 11550 3743
2 4 11479 491 9454 572
2 8 11479 491 11427 3562 3407 3577 565 11686
2 4 11479 9468 9494 6522
2 7 11479 9468 6431 11536 11691 6586 6573
2 3 11483 3536 11548
2 3 11483 6504 3402
1 6 11483 11606 13081 9444 11407 6583
1 6 11499 3690 9655 6680 6678 9633
2 3 11505 9428 478
2 2 11505 6521
2 4 11505 3207 6282 6390
2 9 11505 9496 3473 6236 9387 9252 11260 334 389
1 4 11516 5291 9418 6583
3 7 11523 3578 6450 11308 11335 11393 9258
3 11 11523 3578 3426 9460 6492 3465 9422 471 11296 11323 9367
3 7 11523 3578 6450 11308 11335 11393 11269
2 7 11523 6539 3518 6506 6602 11484 520
1 12 11523 9432 6601 3490 9487 3467 6551 9538 11524 11469 11455 3618
4 4 11542 9429 494 445
4 3 11542 6418 6592
4 3 11542 9569 9541
4 4 11542 9429 11556 569
4 4 11542 6440 469 573
3 2 11563 9434
2 5 11563 6569 6585 454 3402
2 4 11563 6569 9534 11506
2 5 11577 6647 3627 11610 6685
2 2 11577 3617
1 4 11577 11574 9591 9588
1 4 11577 11580 11586 11583
2 3 11581 3592 3601
2 5 11581 624 9595 6647 11577
2 4 11581 9611 3670 6685
2 4 11581 3596 6619 9588
1 4 11581 3654 9596 3631
2 4 11583 11586 9599 3956
2 4 11584 628 6626 599
2 6 11584 628 9613 6673 11612 3673
2 6 11584 628 3657 671 11618 9633
2 4 11639 676 3694 6714
2 7 11650 6717 11660 706 3894 3878 859
2 4 11650 6717 1436 9693
2 2 11653 3688
2 4 11653 3705 708 11499
1 5 11653 692 11620 9636 9633
2 4 11654 734 3733 3747
2 3 11654 6707 3687
2 5 11655 9701 6706 3076 687
1 4 11658 9697 768 781
2 2 11666 704
2 5 11666 3700 6720 9676 6703
2 4 11666 9661 9648 653
2 3 11666 6739 9692
1 5 11668 6741 9680 9677 6704
2 2 11670 6727
2 6 11672 3728 9685 6731 9672 6714
2 7 11683 3755 737 568 3722 705 3686
2 4 11686 9683 6743 6727
2 2 11688 740
2 3 11688 738 11684
1 8 11706 9753 11736 3622 11578 615 464 3618
1 4 11707 6749 9703 11688
1 6 11707 13218 9719 6764 3761 758
2 2 11710 758
1 2 11746 886
2 4 11751 6862 6875 11833
2 4 11751 9794 3910 9838
1 4 11751 9794 6926 925
1 5 11757 7517 12374 7986 10783
1 5 11757 7517 1562 12461 1892
3 3 11760 11791 689
3 3 11760 11776 4601
3 3 11760 6855 9760
2 5 11760 6855 827 9808 6850
1 2 11782 6882
2 3 11797 9954 11853
2 4 11797 876 11739 4512
3 3 11800 6705 3687
3 6 11800 4442 6890 9825 659 11760
2 3 11800 3802 6850
2 4 11811 6871 9806 11784
1 6 11811 904 11866 11883 979 6938
1 3 11818 3936 9930
1 3 11830 3906 6732
1 3 11830 6909 9847
1 6 11833 6875 9750 3885 6926 925
2 2 11834 911
1 4 11837 9856 10027 12098
2 4 11844 6925 11792 940
2 4 11844 804 9844 6938
1 3 11848 9799 6864
1 2 11851 931
1 2 11851 3846
1 5 11853 652 7470 6935 864
2 4 11853 10399 11739 4512
1 3 11853 9886 9932
1 5 11853 6991 789 7454 3653
2 4 11867 947 3851 11811
2 4 11867 856 11831 3951
1 4 11867 6912 9887 6864
1 3 11894 975 9932
1 4 11899 6799 9591 9588
1 3 11899 953 9894
1 4 11899 11741 797 3956
2 5 11913 11982 1089 10076 12052
2 5 11913 996 7120 7191 11991
2 8 11913 1146 10008 7094 12036 4079 9937 7126
2 5 11913 4148 7181 4123 4082
2 4 11918 7159 12350 13143
2 4 11918 12014 10080 1120
1 7 11921 10026 7005 11957 12039 1189 1149
2 3 11941 7152 4189
1 10 11954 4120 1127 1198 4057 12088 10117 10046 4047 1041
1 3 11954 4120 7063
1 3 11954 10123 12094
1 3 11969 7180 1046
1 4 11969 10091 7162 11921
2 3 11975 1547 10029
1 4 11979 1155 12049 4073
2 9 11986 7071 10010 10093 9938 4165 4207 1162 1120
2 5 11991 1096 7146 1195 1055
2 4 11991 1096 7146 4013
2 3 11991 1096 7058
3 3 12031 7072 9965
2 3 12031 7212 4197
1 2 12046 10876
2 6 12051 7065 4046 7166 11939 1145
2 5 12052 10076 7120 7191 11991
2 6 12052 10076 1089 10095 7142 4082
1 4 12058 1164 9940 4170
1 4 12060 1054 12085 10110
1 2 12071 12889
1 6 12071 1064 7156 4910 10902 12725
1 5 12071 1064 11999 1206 12771
2 3 12076 7014 12052
2 3 12084 12057 1193
2 7 12084 1006 10084 1138 4113 10012 4070
2 3 12084 7071 11986
2 4 12086 1612 9934 4009
1 3 12098 12066 9990
1 4 12100 989 4116 4150
1 3 12101 11976 4017
1 8 12110 1225 10266 7355 7299 4236 1404 7415
1 7 12110 1225 10266 7355 7299 4236 10325
1 4 12110 1225 10266 12225
2 8 12149 7433 1284 12291 4362 634 12289 1424
2 5 12188 1293 4269 1224 4373
2 10 12189 10466 11643 6686 12500 9798 3787 11750 6989 957
2 7 12189 7266 3963 12136 1343 9733 4404
2 7 12189 4805 12261 4246 7616 4829 7754
2 8 12189 4805 7672 10722 7801 10655 4725 7763
2 8 12232 4401 7347 12176 1605 12109 7380 4334
2 7 12232 4401 7347 12176 1605 1400 4363
2 5 12232 4401 1396 1423 7303
2 10 12244 4356 12203 6288 31 11193 11133 9145 6121 99
2 5 12244 7403 6246 7237 273
2 4 12264 12224 7225 4433
2 5 12264 10438 10425 12360 4511
2 4 12264 10438 12388 12373
2 3 12264 4251 10134
1 4 12268 1401 7396 7384
2 5 12279 4228 1311 1340 4373
2 2 12282 7446
2 5 12282 4501 1383 8023 7965
2 3 12282 7606 1884
2 5 12282 1653 1114 12008 1073
2 6 12297 4397 10016 11936 1185 4075
2 9 12298 1210 1406 4261 4215 10256 7401 12157 9292
1 5 12298 4322 7438 7370 10253
1 2 12306 2199
1 7 12306 12982 11005 8176 13305 12952 5173
1 4 12306 2149 11021 8215
1 4 12333 8099 10357 4482
1 5 12333 8099 10414 7924 9605
1 3 12333 10510 10359
1 3 12333 1521 5029
1 3 12341 10861 3960
1 2 12341 10337
1 6 12357 9657 926 7829 4029 1849
1 5 12357 9657 926 1760 10526
2 5 12364 10402 12394 12409 1639
2 4 12364 12379 4573 7621
1 2 12364 10515
1 6 12364 10402 10390 8208 10985 12942
2 6 12373 1357 12345 7531 4496 1990
1 5 12386 4524 7487 7512 4468
1 5 12386 7585 1546 4509 7542
1 3 12386 4524 12315
2 5 12395 1497 10349 8010 4435
2 4 12419 10697 4584 1833
1 5 12419 1509 10668 2213 10400
1 4 12419 1509 10668 8214
1 5 12419 1509 5203 7605 4879
1 8 12428 12400 10423 12371 7529 10369 4509 7542
1 5 12450 12320 4583 6935 864
1 7 12450 1467 1610 4477 4614 1536 7661
1 7 12450 12320 3564 10472 10403 7454 3653
1 6 12450 6642 4660 4825 10454 4901
1 3 12450 11708 1599
1 3 12450 11708 12309
2 5 12458 7543 10355 10410 4565
1 5 12458 7485 5001 9829 3960
2 5 12458 1503 1559 7599 1453
1 4 12458 12778 6803 1618
2 4 12485 4506 1645 7526
2 3 12485 1588 7897
2 3 12485 1588 12618
2 6 12485 4876 10638 1743 12629 10647
2 6 12485 1502 1811 7578 10363 12348
2 2 12489 12458
2 5 12489 10477 7586 12346 4449
1 6 12489 10477 4625 7615 1987 12501
2 4 12497 10457 12305 4569
1 5 12517 1784 12672 1726 10533
1 7 12518 11607 12592 4455 13062 5264 13063
1 4 12518 11607 12592 10540
1 3 12521 4209 1387
2 11 12527 12187 4802 7898 12393 10677 12502 4669 1684 1664 7768
2 6 12527 12187 11195 4314 12558 7712
2 6 12536 4789 12631 10580 10649 4690
2 5 12536 4866 10652 1297 4803
2 7 12536 4789 4793 7886 10712 10639 12691
2 4 12536 4866 7274 7825
1 4 12536 7789 12174 10617
1 3 12547 12692 12419
2 3 12547 4696 1833
1 7 12547 12589 10415 10442 5189 7605 4879
1 5 12547 12589 10415 4528 5154
1 3 12583 1825 1675
1 3 12583 4224 4768
1 5 12583 7706 10660 1459 10601
1 3 12583 4773 7711
1 8 12583 10603 12385 4595 1402 7335 7407 4333
1 5 12586 1683 12516 7840 4749
1 3 12586 9892 1678
1 3 12601 10619 7795
2 8 12618 1847 7873 4809 12537 10541 12543 12660
1 3 12620 1875 1747
1 4 12620 7862 4772 1752
1 7 12620 10569 10595 12646 10666 9892 1678
1 6 12660 12543 10559 7725 4677 7786
1 3 12669 10689 4783
1 2 12674 13271
1 4 12688 3721 12593 12663
1 3 12702 1955 8085
2 9 12717 4998 1978 7975 4990 10813 8098 8066 1179
2 3 12717 10826 10737
1 4 12717 12831 12769 10789
1 4 12735 7422 4756 7480
1 3 12735 11509 860
1 5 12736 8119 7964 12859 1892
1 2 12742 10862
1 2 12742 10803
2 3 12746 5052 2008
2 3 12746 5052 10172
2 3 12746 12873 7921
2 5 12746 2051 8032 5066 10730
2 3 12746 12873 10895
1 4 12766 8043 4985 8124
1 6 12766 13250 12723 5017 2003 2046
1 2 12785 10862
2 5 12789 5102 8041 10741 5033
1 3 12794 12851 10836
1 2 12794 4927
1 3 12794 8065 8122
1 4 12794 8116 7954 5101
1 4 12795 1516 1817 10594
1 3 12795 7548 12981
1 4 12795 1968 12677 5199
2 6 12797 4313 11448 7270 10490 10750
2 2 12798 8047
1 4 12798 8075 2007 5026
1 4 12798 10888 8149 13289
2 6 12806 1914 12887 12800 10877 7996
2 3 12806 10795 2016
2 7 12806 10743 10784 2088 12723 13250 12766
2 5 12806 10743 10784 2088 2046
1 4 12835 10769 13088 5021
1 5 12835 7973 10800 12850 10830
1 2 12843 12785
1 2 12843 10919
1 3 12843 13212 10836
1 5 12853 12999 10874 2035 4980
1 2 12853 5220
1 2 12863 7982
1 7 12863 10913 11249 10759 10873 8009 5073
1 2 12865 8017
3 3 12891 12834 4989
3 4 12891 12747 12858 1909
1 2 12910 7567
2 5 12923 12977 10945 2181 12951
1 3 12923 8140 12987
1 4 12930 2174 13303 8217
1 4 12930 2174 13302 12994
1 6 12930 2174 10952 13086 13287 13288
1 2 12933 5220
1 2 12933 2228
1 4 12942 5152 12970 8215
1 7 12942 10975 8255 5143 2208 10986 2106
1 5 12942 11022 12978 13309 8216
1 4 12950 5155 2120 12935
1 4 12950 5221 10930 10594
1 3 12950 5155 10929
1 2 12950 5199
1 4 12951 10959 5148 2111
1 3 12951 11023 2152
1 4 12951 10959 5115 12987
1 6 12951 5200 12916 2160 12979 5229
1 5 12951 8224 4587 2109 8181
1 4 12951 5200 10973 2209
1 2 12960 13292
1 2 12981 2126
1 2 12981 8248
1 5 12981 7548 8054 12677 5199
1 4 12981 7548 8054 697
1 2 12984 5121
1 4 12985 12958 5158 12981
1 4 12985 8202 12391 2126
1 4 12985 8202 8136 10957
1 6 12987 12959 13281 2168 12999 12853
1 7 12987 12959 13281 5151 12947 2150 12933
1 3 12989 12929 5160
1 2 12994 5171
1 6 12997 12983 2212 13316 13279 13278
1 3 12997 2162 5166
2 3 13011 11549 3402
2 6 13011 11732 3533 6531 680 3652
2 5 13011 551 6949 11491 11506
2 7 13011 11732 3533 6531 9658 6698 698
2 4 13011 3546 5291 11516
1 5 13011 9472 9444 11407 6583
1 3 13063 4744 10540
3 4 13068 516 6560 6446
2 5 13068 6598 9431 9498 3211
2 3 13068 11419 6496
1 5 13068 11519 6537 11407 6583
1 2 13091 4848
2 5 13143 7097 10517 7101 7279
2 6 13143 7097 10517 7101 7434 12086
2 7 13143 7097 10517 7665 10335 7577 7521
3 10 13206 318 6359 6413 6340 406 9341 6220 9241 11241
2 4 13206 3393 9274 3320
2 2 13238 12766
2 8 13255 3884 11767 914 9805 9916 11786 863
2 6 13255 9914 11762 9849 6940 9890
2 5 13255 9914 11762 867 3882
1 3 13255 9780 9809
1 6 13308 11001 13311 10965 10986 2106
1 5 13308 11001 2224 2174 12930
1 6 13308 11001 13311 10965 12943 2209
1 3 13308 13310 5171
1 2 13308 8216
1 5 13320 13319 13318 13324 13278
1 6 13340 13361 13362 10879 10823 10912
1 3 13340 5214 4982
1 2 13349 13320
1 5 13349 13348 13342 13341 13340
1 2 13349 13350
1 5 13349 10934 13353 13354 4980
1 6 13349 13348 13344 5083 10792 5026
